//0 is black, 1 is light blue, 2 is blue, 3 is white
0 0 0 0 0 0 0 0 0 0 0 0 0 0 0 0 0 0 0 0 0 0 0 0 0 0 0 0 0 0 0 0 0 0 0 0
0 0 0 0 0 0 0 0 0 0 0 0 0 0 0 0 0 0 0 0 0 0 0 0 0 0 0 0 0 0 0 0 0 0 0 0
0 0 0 0 1 1 1 1 1 1 1 1 1 1 1 1 1 1 1 1 1 1 1 1 1 1 1 1 1 1 1 1 0 0 0 0
0 0 0 0 1 1 1 1 1 1 1 1 1 1 1 1 1 1 1 1 1 1 1 1 1 1 1 1 1 1 1 1 0 0 0 0
0 0 1 1 2 2 2 2 2 2 2 2 2 2 2 2 2 2 2 2 2 2 2 2 2 2 2 2 2 2 2 2 1 1 0 0
0 0 1 1 2 2 2 2 2 2 2 2 2 2 2 2 2 2 2 2 2 2 2 2 2 2 2 2 2 2 2 2 1 1 0 0
0 0 1 1 2 2 2 2 2 2 2 2 2 2 2 2 2 2 2 2 2 2 2 2 2 2 2 2 2 2 2 2 1 1 0 0
0 0 1 1 2 2 2 2 2 2 2 2 2 2 2 2 2 2 2 2 2 2 2 2 2 2 2 2 2 2 2 2 1 1 0 0
0 0 0 0 0 0 0 0 0 0 0 0 0 0 0 0 0 0 0 0 0 0 0 0 0 0 0 0 0 0 0 0 0 0 0 0
0 0 0 0 0 0 0 0 0 0 0 0 0 0 0 0 0 0 0 0 0 0 0 0 0 0 0 0 0 0 0 0 0 0 0 0
0 0 3 3 3 3 3 3 3 3 0 0 0 0 0 0 3 3 3 3 0 0 0 0 3 3 0 0 3 3 0 0 3 3 0 0
0 0 3 3 3 3 3 3 3 3 0 0 0 0 0 0 3 3 3 3 0 0 0 0 3 3 0 0 3 3 0 0 3 3 0 0
0 0 3 3 3 3 0 0 0 0 3 3 0 0 3 3 3 3 0 0 3 3 0 0 3 3 0 0 3 3 0 0 3 3 0 0
0 0 3 3 3 3 0 0 0 0 3 3 0 0 3 3 3 3 0 0 3 3 0 0 3 3 0 0 3 3 0 0 3 3 0 0
0 0 3 3 3 3 0 0 0 0 3 3 0 0 3 3 3 3 0 0 3 3 0 0 3 3 0 0 3 3 0 0 3 3 0 0
0 0 3 3 3 3 0 0 0 0 3 3 0 0 3 3 3 3 0 0 3 3 0 0 3 3 0 0 3 3 0 0 3 3 0 0
0 0 3 3 3 3 0 0 0 0 3 3 0 0 3 3 3 3 0 0 3 3 0 0 3 3 0 0 3 3 0 0 3 3 0 0
0 0 3 3 3 3 0 0 0 0 3 3 0 0 3 3 3 3 0 0 3 3 0 0 3 3 0 0 3 3 0 0 3 3 0 0
0 0 3 3 3 3 0 0 0 0 3 3 0 0 3 3 3 3 0 0 3 3 0 0 3 3 0 0 3 3 0 0 3 3 0 0
0 0 3 3 3 3 0 0 0 0 3 3 0 0 3 3 3 3 0 0 3 3 0 0 3 3 0 0 3 3 0 0 3 3 0 0
0 0 3 3 3 3 3 3 3 3 0 0 0 0 3 3 3 3 0 0 3 3 0 0 3 3 0 0 3 3 0 0 3 3 0 0
0 0 3 3 3 3 3 3 3 3 0 0 0 0 3 3 3 3 0 0 3 3 0 0 3 3 0 0 3 3 0 0 3 3 0 0
0 0 3 3 3 3 0 0 0 0 0 0 0 0 3 3 3 3 0 0 3 3 0 0 3 3 3 3 3 3 3 3 3 3 0 0
0 0 3 3 3 3 0 0 0 0 0 0 0 0 3 3 3 3 0 0 3 3 0 0 3 3 3 3 3 3 3 3 3 3 0 0
0 0 3 3 3 3 0 0 0 0 0 0 0 0 0 0 3 3 3 3 0 0 0 0 3 3 3 3 0 0 3 3 3 3 0 0
0 0 3 3 3 3 0 0 0 0 0 0 0 0 0 0 3 3 3 3 0 0 0 0 3 3 3 3 0 0 3 3 3 3 0 0
0 0 0 0 0 0 0 0 0 0 0 0 0 0 0 0 0 0 0 0 0 0 0 0 0 0 0 0 0 0 0 0 0 0 0 0
0 0 0 0 0 0 0 0 0 0 0 0 0 0 0 0 0 0 0 0 0 0 0 0 0 0 0 0 0 0 0 0 0 0 0 0
0 0 1 1 2 2 2 2 2 2 2 2 2 2 2 2 2 2 2 2 2 2 2 2 2 2 2 2 2 2 2 2 1 1 0 0
0 0 1 1 2 2 2 2 2 2 2 2 2 2 2 2 2 2 2 2 2 2 2 2 2 2 2 2 2 2 2 2 1 1 0 0
0 0 1 1 2 2 2 2 2 2 2 2 2 2 2 2 2 2 2 2 2 2 2 2 2 2 2 2 2 2 2 2 1 1 0 0
0 0 1 1 2 2 2 2 2 2 2 2 2 2 2 2 2 2 2 2 2 2 2 2 2 2 2 2 2 2 2 2 1 1 0 0
0 0 0 0 1 1 1 1 1 1 1 1 1 1 1 1 1 1 1 1 1 1 1 1 1 1 1 1 1 1 1 1 0 0 0 0
0 0 0 0 1 1 1 1 1 1 1 1 1 1 1 1 1 1 1 1 1 1 1 1 1 1 1 1 1 1 1 1 0 0 0 0
0 0 0 0 0 0 0 0 0 0 0 0 0 0 0 0 0 0 0 0 0 0 0 0 0 0 0 0 0 0 0 0 0 0 0 0
0 0 0 0 0 0 0 0 0 0 0 0 0 0 0 0 0 0 0 0 0 0 0 0 0 0 0 0 0 0 0 0 0 0 0 0